 #x                  TwoPoint ThreePointEndpoint ThreePointMidpoint FivePointEndpoint FivePointMidpoint 
  -13.0000000       431.652832       4.32012938E-02   4.32012938E-02   4.31972258E-02   4.32015993E-02
  -12.7600002       414.550781       4.14904766E-02   4.14904766E-02   4.14845794E-02   4.14902754E-02
  -12.5200005       397.790527       3.98132317E-02   3.98138426E-02   3.98084521E-02   3.98136415E-02
  -12.2800007       381.384277       3.81719954E-02   3.81726064E-02   3.81667092E-02   3.81726101E-02
  -12.0400009       365.332031       3.65667716E-02   3.65655497E-02   3.65634151E-02   3.65656540E-02
  -11.8000011       349.609375       3.49938944E-02   3.49932872E-02   3.49920653E-02   3.49936932E-02
  -11.5600014       334.240723       3.34564187E-02   3.34552005E-02   3.34548950E-02   3.34549993E-02
  -11.3200016       319.201660       3.19512933E-02   3.19512933E-02   3.19486484E-02   3.19513977E-02
  -11.0800018       304.528809       3.04833986E-02   3.04827876E-02   3.04829422E-02   3.04827895E-02
  -10.8400021       290.191650       2.90487669E-02   2.90484615E-02   2.90443935E-02   2.90485136E-02
  -10.6000023       276.196289       2.76483148E-02   2.76486203E-02   2.76452135E-02   2.76486725E-02
  -10.3600025       262.548828       2.62826532E-02   2.62832642E-02   2.62775682E-02   2.62832139E-02
  -10.1200027       249.255371       2.49530021E-02   2.49530021E-02   2.49497481E-02   2.49530543E-02
  -9.88000298       236.303711       2.36569215E-02   2.36569215E-02   2.36536153E-02   2.36569736E-02
  -9.64000320       223.693848       2.23950185E-02   2.23953240E-02   2.23919172E-02   2.23951209E-02
  -9.40000343       211.431885       2.11682133E-02   2.11685169E-02   2.11652126E-02   2.11687218E-02
  -9.16000366       199.517822       1.99761949E-02   1.99761949E-02   1.99724324E-02   1.99761968E-02
  -8.92000389       187.945557       1.88182071E-02   1.88183598E-02   1.88156888E-02   1.88184362E-02
  -8.68000412       176.721191       1.76951587E-02   1.76951587E-02   1.76935829E-02   1.76952612E-02
  -8.44000435       165.841675       1.66064445E-02   1.66064445E-02   1.66051239E-02   1.66065227E-02
  -8.20000458       155.307007       1.55522153E-02   1.55523680E-02   1.55507158E-02   1.55522926E-02
  -7.96000481       145.120239       1.45332329E-02   1.45329284E-02   1.45338448E-02   1.45330559E-02
  -7.72000504       135.275269       1.35478210E-02   1.35478210E-02   1.35486349E-02   1.35479737E-02
  -7.48000526       125.778198       1.25973504E-02   1.25973504E-02   1.25984196E-02   1.25973513E-02
  -7.24000549       116.629028       1.16818994E-02   1.16815949E-02   1.16830189E-02   1.16816461E-02
  -7.00000572       107.823181       1.08005526E-02   1.08002471E-02   1.08008832E-02   1.08002983E-02
  -6.76000595       99.3621826       9.95368976E-03   9.95353702E-03   9.95407160E-03   9.95356310E-03
  -6.52000618       91.2475586       9.14146379E-03   9.14131105E-03   9.14208777E-03   9.14140046E-03
  -6.28000641       83.4793091       8.36395286E-03   8.36380012E-03   8.36471561E-03   8.36385135E-03
  -6.04000664       76.0551453       7.62073509E-03   7.62065873E-03   7.62119330E-03   7.62072904E-03
  -5.80000687       68.9781189       6.91234553E-03   6.91219326E-03   6.91319816E-03   6.91223145E-03
  -5.56000710       62.2459412       6.23840326E-03   6.23825053E-03   6.23896951E-03   6.23831432E-03
  -5.32000732       55.8593750       5.59902191E-03   5.59886917E-03   5.59957512E-03   5.59892645E-03
  -5.08000755       49.8176575       4.99404874E-03   4.99404874E-03   4.99435421E-03   4.99406829E-03
  -4.84000778       44.1226959       4.42384696E-03   4.42380877E-03   4.42419061E-03   4.42384742E-03
  -4.60000801       38.7729645       3.88814928E-03   3.88811110E-03   3.88848316E-03   3.88813973E-03
  -4.36000824       33.7688446       3.38699343E-03   3.38697433E-03   3.38719063E-03   3.38699343E-03
  -4.12000847       29.1103363       2.92041781E-03   2.92040827E-03   2.92068487E-03   2.92041781E-03
  -3.88000846       24.7970581       2.48831743E-03   2.48834607E-03   2.48836516E-03   2.48834305E-03
  -3.64000845       20.8299637       2.09090230E-03   2.09090230E-03   2.09093746E-03   2.09089438E-03
  -3.40000844       17.2082901       1.72800536E-03   1.72802445E-03   1.72801653E-03   1.72801421E-03
  -3.16000843       13.9322281       1.39967434E-03   1.39970297E-03   1.39969669E-03   1.39969436E-03
  -2.92000842       11.0017776       1.10590691E-03   1.10593799E-03   1.10593520E-03   1.10592728E-03
  -2.68000841       8.41693878       8.46700626E-04   8.46736424E-04   8.46713781E-04   8.46724550E-04
  -2.44000840       6.17775917       6.22065039E-04   6.22096064E-04   6.22089312E-04   6.22085354E-04
  -2.20000839       4.28415537       4.31985245E-04   4.32015659E-04   4.32009110E-04   4.32005530E-04
  -1.96000838       2.73614526       2.76464503E-04   2.76494626E-04   2.76486098E-04   2.76484730E-04
  -1.72000837       1.53373480       1.55503454E-04   1.55533402E-04   1.55523841E-04   1.55523419E-04
  -1.48000836      0.676923275       6.91023452E-05   6.91323366E-05   6.91223540E-05   6.91223322E-05
  -1.24000835      0.165711626       1.72611835E-05   1.72911859E-05   1.72811433E-05   1.72811851E-05
  -1.00000834       9.97495808E-05  -1.99999199E-08   9.99999195E-09  -6.73026088E-13   2.12215431E-14
 -0.760008335      0.180087522       1.72587661E-05   1.72887831E-05   1.72787059E-05   1.72787823E-05
 -0.520008326      0.705675066       6.90975794E-05   6.91275272E-05   6.91177556E-05   6.91175446E-05
 -0.280008316       1.57686174       1.55496004E-04   1.55526242E-04   1.55514339E-04   1.55516202E-04
  -4.00083214E-02   2.79365182       2.76455277E-04   2.76485080E-04   2.76473816E-04   2.76475213E-04
  0.199991673       4.35603857       4.31973924E-04   4.32004337E-04   4.31995693E-04   4.31994122E-04
  0.439991653       6.26401901       6.22050720E-04   6.22081745E-04   6.22066495E-04   6.22071268E-04
  0.679991663       8.51759911       8.46688752E-04   8.46719719E-04   8.46709416E-04   8.46708659E-04
  0.919991672       11.1167908       1.10589026E-03   1.10591890E-03   1.10590342E-03   1.10590854E-03
   1.15999162       14.0616417       1.39966013E-03   1.39967911E-03   1.39968959E-03   1.39967201E-03
   1.39999163       17.3520088       1.72797672E-03   1.72800058E-03   1.72802608E-03   1.72799430E-03
   1.63999164       20.9880829       2.09086412E-03   2.09087366E-03   2.09083711E-03   2.09086412E-03
   1.87999165       24.9694824       2.48827925E-03   2.48831743E-03   2.48829531E-03   2.48830649E-03
   2.11999154       29.2966843       2.92027462E-03   2.92030326E-03   2.92027486E-03   2.92029069E-03
   2.35999155       33.9694977       3.38684069E-03   3.38687887E-03   3.38695222E-03   3.38687911E-03
   2.59999156       38.9881134       3.88799654E-03   3.88799654E-03   3.88815254E-03   3.88798723E-03
   2.83999157       44.3519592       4.42365650E-03   4.42367559E-03   4.42366302E-03   4.42365650E-03
   3.07999158       50.0610352       4.99378191E-03   4.99389647E-03   4.99350252E-03   4.99388389E-03
   3.31999159       56.1172485       5.59879281E-03   5.59871644E-03   5.59890131E-03   5.59871038E-03
   3.55999160       62.5175476       6.23806007E-03   6.23806007E-03   6.23795856E-03   6.23807264E-03
   3.79999161       69.2634583       6.91188779E-03   6.91196416E-03   6.91183098E-03   6.91195205E-03
   4.03999138       76.3580322       7.62084965E-03   7.62065873E-03   7.62142194E-03   7.62072252E-03
   4.27999115       83.7966919       8.36410467E-03   8.36372375E-03   8.36523715E-03   8.36382527E-03
   4.51999092       91.5786743       9.14154015E-03   9.14131105E-03   9.14239231E-03   9.14135017E-03
   4.75999069       99.7070312       9.95353702E-03   9.95346066E-03   9.95409675E-03   9.95349884E-03
   4.99999046       108.181763       1.08003998E-02   1.08002471E-02   1.08010108E-02   1.08003495E-02
   5.23999023       117.002869       1.16818231E-02   1.16815185E-02   1.16822310E-02   1.16816210E-02
   5.47999001       126.168823       1.25978086E-02   1.25973504E-02   1.25994114E-02   1.25975041E-02
   5.71998978       135.678101       1.35478210E-02   1.35478210E-02   1.35490419E-02   1.35479998E-02
   5.95998955       145.538330       1.45333856E-02   1.45327756E-02   1.45343272E-02   1.45329032E-02
   6.19998932       155.740356       1.55528253E-02   1.55523680E-02   1.55547336E-02   1.55524444E-02
   6.43998909       166.287231       1.66067500E-02   1.66064445E-02   1.66081246E-02   1.66064966E-02
   6.67998886       177.182007       1.76956169E-02   1.76950078E-02   1.76977552E-02   1.76951103E-02
   6.91998863       188.418579       1.88183598E-02   1.88182071E-02   1.88198611E-02   1.88183095E-02
   7.15998840       200.006104       1.99765004E-02   1.99761949E-02   1.99785866E-02   1.99763495E-02
   7.39998817       211.938477       2.11691279E-02   2.11685169E-02   2.11713165E-02   2.11687218E-02
   7.63998795       224.212646       2.23959349E-02   2.23953240E-02   2.23985296E-02   2.23952737E-02
   7.87998772       236.834717       2.36575305E-02   2.36569215E-02   2.36599743E-02   2.36570239E-02
   8.11998749       249.798584       2.49520876E-02   2.49526966E-02   2.49490365E-02   2.49526985E-02
   8.35998726       263.116455       2.62838732E-02   2.62835696E-02   2.62803659E-02   2.62834691E-02
   8.59998703       276.770020       2.76477039E-02   2.76483148E-02   2.76453160E-02   2.76483167E-02
   8.83998680       290.777588       2.90481560E-02   2.90481560E-02   2.90430710E-02   2.90482584E-02
   9.07998657       305.126953       3.04827876E-02   3.04827876E-02   3.04820761E-02   3.04828901E-02
   9.31998634       319.812012       3.19494605E-02   3.19512933E-02   3.19450907E-02   3.19513977E-02
   9.55998611       334.863281       3.34545895E-02   3.34545895E-02   3.34498100E-02   3.34542841E-02
   9.79998589       350.256348       3.49932872E-02   3.49926762E-02   3.49905416E-02   3.49927768E-02
   10.0399857       365.979004       3.65643315E-02   3.65649424E-02   3.65567021E-02   3.65646370E-02
   10.2799854       382.067871       3.81732173E-02   3.81726064E-02   3.81640643E-02   3.81730162E-02
   10.5199852       398.486328       3.98138426E-02   3.98138426E-02   3.98104861E-02   3.98139469E-02
   10.7599850       415.258789       4.14910875E-02   4.14904766E-02   4.14834619E-02   4.14907858E-02
