 #FivePointEndpoint  x             y
  -13.0000000       4.31972258E-02
  -12.7600002       4.14845794E-02
  -12.5200005       3.98084521E-02
  -12.2800007       3.81667092E-02
  -12.0400009       3.65634151E-02
  -11.8000011       3.49920653E-02
  -11.5600014       3.34548950E-02
  -11.3200016       3.19486484E-02
  -11.0800018       3.04829422E-02
  -10.8400021       2.90443935E-02
  -10.6000023       2.76452135E-02
  -10.3600025       2.62775682E-02
  -10.1200027       2.49497481E-02
  -9.88000298       2.36536153E-02
  -9.64000320       2.23919172E-02
  -9.40000343       2.11652126E-02
  -9.16000366       1.99724324E-02
  -8.92000389       1.88156888E-02
  -8.68000412       1.76935829E-02
  -8.44000435       1.66051239E-02
  -8.20000458       1.55507158E-02
  -7.96000481       1.45338448E-02
  -7.72000504       1.35486349E-02
  -7.48000526       1.25984196E-02
  -7.24000549       1.16830189E-02
  -7.00000572       1.08008832E-02
  -6.76000595       9.95407160E-03
  -6.52000618       9.14208777E-03
  -6.28000641       8.36471561E-03
  -6.04000664       7.62119330E-03
  -5.80000687       6.91319816E-03
  -5.56000710       6.23896951E-03
  -5.32000732       5.59957512E-03
  -5.08000755       4.99435421E-03
  -4.84000778       4.42419061E-03
  -4.60000801       3.88848316E-03
  -4.36000824       3.38719063E-03
  -4.12000847       2.92068487E-03
  -3.88000846       2.48836516E-03
  -3.64000845       2.09093746E-03
  -3.40000844       1.72801653E-03
  -3.16000843       1.39969669E-03
  -2.92000842       1.10593520E-03
  -2.68000841       8.46713781E-04
  -2.44000840       6.22089312E-04
  -2.20000839       4.32009110E-04
  -1.96000838       2.76486098E-04
  -1.72000837       1.55523841E-04
  -1.48000836       6.91223540E-05
  -1.24000835       1.72811433E-05
  -1.00000834      -6.73026088E-13
 -0.760008335       1.72787059E-05
 -0.520008326       6.91177556E-05
 -0.280008316       1.55514339E-04
  -4.00083214E-02   2.76473816E-04
  0.199991673       4.31995693E-04
  0.439991653       6.22066495E-04
  0.679991663       8.46709416E-04
  0.919991672       1.10590342E-03
   1.15999162       1.39968959E-03
   1.39999163       1.72802608E-03
   1.63999164       2.09083711E-03
   1.87999165       2.48829531E-03
   2.11999154       2.92027486E-03
   2.35999155       3.38695222E-03
   2.59999156       3.88815254E-03
   2.83999157       4.42366302E-03
   3.07999158       4.99350252E-03
   3.31999159       5.59890131E-03
   3.55999160       6.23795856E-03
   3.79999161       6.91183098E-03
   4.03999138       7.62142194E-03
   4.27999115       8.36523715E-03
   4.51999092       9.14239231E-03
   4.75999069       9.95409675E-03
   4.99999046       1.08010108E-02
   5.23999023       1.16822310E-02
   5.47999001       1.25994114E-02
   5.71998978       1.35490419E-02
   5.95998955       1.45343272E-02
   6.19998932       1.55547336E-02
   6.43998909       1.66081246E-02
   6.67998886       1.76977552E-02
   6.91998863       1.88198611E-02
   7.15998840       1.99785866E-02
   7.39998817       2.11713165E-02
   7.63998795       2.23985296E-02
   7.87998772       2.36599743E-02
   8.11998749       2.49490365E-02
   8.35998726       2.62803659E-02
   8.59998703       2.76453160E-02
   8.83998680       2.90430710E-02
   9.07998657       3.04820761E-02
   9.31998634       3.19450907E-02
   9.55998611       3.34498100E-02
   9.79998589       3.49905416E-02
   10.0399857       3.65567021E-02
   10.2799854       3.81640643E-02
   10.5199852       3.98104861E-02
   10.7599850       4.14834619E-02
