 #TwoPoint  x             y
  -13.0000000       431.652832    
  -12.7600002       414.550781    
  -12.5200005       397.790527    
  -12.2800007       381.384277    
  -12.0400009       365.332031    
  -11.8000011       349.609375    
  -11.5600014       334.240723    
  -11.3200016       319.201660    
  -11.0800018       304.528809    
  -10.8400021       290.191650    
  -10.6000023       276.196289    
  -10.3600025       262.548828    
  -10.1200027       249.255371    
  -9.88000298       236.303711    
  -9.64000320       223.693848    
  -9.40000343       211.431885    
  -9.16000366       199.517822    
  -8.92000389       187.945557    
  -8.68000412       176.721191    
  -8.44000435       165.841675    
  -8.20000458       155.307007    
  -7.96000481       145.120239    
  -7.72000504       135.275269    
  -7.48000526       125.778198    
  -7.24000549       116.629028    
  -7.00000572       107.823181    
  -6.76000595       99.3621826    
  -6.52000618       91.2475586    
  -6.28000641       83.4793091    
  -6.04000664       76.0551453    
  -5.80000687       68.9781189    
  -5.56000710       62.2459412    
  -5.32000732       55.8593750    
  -5.08000755       49.8176575    
  -4.84000778       44.1226959    
  -4.60000801       38.7729645    
  -4.36000824       33.7688446    
  -4.12000847       29.1103363    
  -3.88000846       24.7970581    
  -3.64000845       20.8299637    
  -3.40000844       17.2082901    
  -3.16000843       13.9322281    
  -2.92000842       11.0017776    
  -2.68000841       8.41693878    
  -2.44000840       6.17775917    
  -2.20000839       4.28415537    
  -1.96000838       2.73614526    
  -1.72000837       1.53373480    
  -1.48000836      0.676923275    
  -1.24000835      0.165711626    
  -1.00000834       9.97495808E-05
 -0.760008335      0.180087522    
 -0.520008326      0.705675066    
 -0.280008316       1.57686174    
  -4.00083214E-02   2.79365182    
  0.199991673       4.35603857    
  0.439991653       6.26401901    
  0.679991663       8.51759911    
  0.919991672       11.1167908    
   1.15999162       14.0616417    
   1.39999163       17.3520088    
   1.63999164       20.9880829    
   1.87999165       24.9694824    
   2.11999154       29.2966843    
   2.35999155       33.9694977    
   2.59999156       38.9881134    
   2.83999157       44.3519592    
   3.07999158       50.0610352    
   3.31999159       56.1172485    
   3.55999160       62.5175476    
   3.79999161       69.2634583    
   4.03999138       76.3580322    
   4.27999115       83.7966919    
   4.51999092       91.5786743    
   4.75999069       99.7070312    
   4.99999046       108.181763    
   5.23999023       117.002869    
   5.47999001       126.168823    
   5.71998978       135.678101    
   5.95998955       145.538330    
   6.19998932       155.740356    
   6.43998909       166.287231    
   6.67998886       177.182007    
   6.91998863       188.418579    
   7.15998840       200.006104    
   7.39998817       211.938477    
   7.63998795       224.212646    
   7.87998772       236.834717    
   8.11998749       249.798584    
   8.35998726       263.116455    
   8.59998703       276.770020    
   8.83998680       290.777588    
   9.07998657       305.126953    
   9.31998634       319.812012    
   9.55998611       334.863281    
   9.79998589       350.256348    
   10.0399857       365.979004    
   10.2799854       382.067871    
   10.5199852       398.486328    
   10.7599850       415.258789    
